full pass: 1912.5839371681213
load sample: 0.08399796485900879
sort: 0.0
strip: 0.0019998550415039062
cast: 0.019999980926513672
vectorize: 1912.3919377326965
avg tokenize: 1.2817573272510763
avg append: 4.022594431450156e-06
dataset: 0.08300042152404785
write: 0.0020012855529785156